Contact Starfleet (159,220) (159,220)
Contact Founders (159,309) (159,309)
Contact Vulcan High Command (159,398) (159,398)
Contact Romulan Senate (159,487) (159,487)
Contact Klingon High Council (159,576) (159,576)
Contact Cardassian Central Command (159,665) (159,665)
Federation Commander Rank (740,234) (794,234) (848,234) (902,234) (956,234)
Federation Outpost (1538,555)
Federation Space (1553,450) (1554,386) (1449,450) (1656,450) (1422,513) (1420,580) (1420,645) (1688,513) (1687,577) (1687,642)
Dominion Commander Rank (740,323) (794,323) (848,323) (902,323) (956,323)
Dominion Outpost (4324,554)
Dominion Space (4341,451) (4340,388) (4236,451) (4445,451) (4209,514) (4208,576) (4208,638) (4475,514) (4476,576) (4477,641)
Vulcan Commander Rank (740,412) (794,412) (848,412) (902,412) (956,412)
Vulcan Outpost (5717,2970)
Vulcan Space (5733,2865) (5733,2801) (5623,2865) (5843,2863) (5600,2931) (5600,2996) (5600,3061) (5868,2931) (5866,2995) (5868,3060)
Romulan Commander Rank (740,501) (794,501) (848,501) (902,501) (956,501)
Romulan Outpost (4324,5385)
Romulan Space (4342,5281) (4342,5216) (4234,5279) (4449,5277) (4210,5344) (4206,5411) (4206,5478) (4473,5342) (4474,5408) (4476,5474)
Klingon Commander Rank (740,590) (794,590) (848,590) (902,590) (956,590)
Klingon Outpost (1538,5385)
Klingon Space (1555,5282) (1555,5214) (1446,5280) (1663,5281) (1422,5348) (1421,5415) (1421,5482) (1691,5348) (1691,5414) (1691,5483)
Cardassian Commander Rank (740,679) (794,679) (848,679) (902,679) (956,679)
Cardassian Outpost (145,2970)
Cardassian Space (163,2864) (163,2801) (58,2863) (267,2864) (29,2927) (28,2991) (27,3055) (297,2930) (297,2997) (297,3061)
Galaxy (1,1)
Planet 01 (2535,86)
Orbit 01 (2417,117) (2417,179) (2417,241) (2417,303) (2687,117) (2686,179) (2686,241) (2685,305)
Planet 01 Place (2531,177)
Planet 02 (3331,86)
Orbit 02 (3212,116) (3212,178) (3212,240) (3212,303) (3481,117) (3480,179) (3480,240) (3479,303)
Planet 02 Place (3327,177)
Planet 03 (2137,776)
Orbit 03 (2018,808) (2018,871) (2017,934) (2017,996) (2288,806) (2287,869) (2288,931) (2287,994)
Planet 03 Place (2133,867)
Planet 04 (2933,776)
Orbit 04 (2819,804) (2815,866) (2813,929) (2814,992) (3083,808) (3082,870) (3083,933) (3083,995)
Planet 04 Place (2929,867)
Planet 05 (3729,776)
Orbit 05 (3611,806) (3610,869) (3609,932) (3609,995) (3880,807) (3879,869) (3879,931) (3879,993)
Planet 05 Place (3725,867)
Planet 06 (744,1121)
Orbit 06 (625,1150) (624,1213) (623,1276) (623,1339) (896,1149) (894,1211) (892,1273) (893,1336)
Planet 06 Place (740,1212)
Planet 07 (1540,1121)
Orbit 07 (1420,1151) (1420,1214) (1420,1277) (1421,1340) (1689,1151) (1688,1213) (1688,1275) (1688,1338)
Planet 07 Place (1536,1212)
Planet 08 (4326,1121)
Orbit 08 (4208,1150) (4207,1212) (4208,1274) (4207,1336) (4475,1149) (4476,1211) (4475,1273) (4475,1336)
Planet 08 Place (4322,1212)
Planet 09 (5122,1121)
Orbit 09 (5006,1150) (5006,1212) (5004,1275) (5005,1338) (5274,1152) (5273,1214) (5272,1277) (5272,1340)
Planet 09 Place (5118,1212)
Planet 10 (2535,1466)
Orbit 10 (2418,1494) (2416,1556) (2415,1618) (2417,1681) (2686,1496) (2685,1559) (2684,1622) (2684,1686)
Planet 10 Place (2531,1557)
Planet 11 (3331,1466)
Orbit 11 (3213,1496) (3212,1559) (3211,1621) (3213,1684) (3482,1497) (3482,1559) (3483,1621) (3479,1684)
Planet 11 Place (3327,1557)
Planet 12 (346,1811)
Orbit 12 (229,1840) (227,1902) (226,1965) (227,2029) (493,1840) (491,1903) (496,1966) (494,2031)
Planet 12 Place (342,1902)
Planet 13 (1142,1811)
Orbit 13 (1027,1837) (1023,1900) (1025,1963) (1026,2027) (1293,1841) (1293,1903) (1293,1967) (1292,2031)
Planet 13 Place (1138,1902)
Planet 14 (1938,1811)
Orbit 14 (1821,1839) (1819,1902) (1819,1965) (1820,2029) (2087,1840) (2088,1903) (2088,1966) (2086,2030)
Planet 14 Place (1934,1902)
Planet 15 (3928,1811)
Orbit 15 (3812,1840) (3811,1902) (3811,1964) (3811,2028) (4079,1841) (4078,1903) (4079,1966) (4078,2028)
Planet 15 Place (3924,1902)
Planet 16 (4724,1811)
Orbit 16 (4606,1839) (4605,1901) (4605,1963) (4605,2027) (4875,1840) (4874,1903) (4875,1965) (4874,2027)
Planet 16 Place (4720,1902)
Planet 17 (5520,1811)
Orbit 17 (5403,1840) (5401,1902) (5402,1964) (5402,2026) (5670,1841) (5669,1903) (5671,1966) (5672,2029)
Planet 17 Place (5516,1902)
Planet 18 (2933,2156)
Orbit 18 (2815,2186) (2815,2248) (2815,2309) (2818,2372) (3083,2185) (3082,2248) (3082,2311) (3083,2374)
Planet 18 Place (2929,2247)
Planet 19 (744,2501)
Orbit 19 (626,2531) (626,2593) (626,2655) (626,2718) (894,2531) (893,2594) (893,2657) (894,2720)
Planet 19 Place (740,2592)
Planet 20 (1540,2501)
Orbit 20 (1423,2530) (1419,2594) (1419,2657) (1423,2720) (1692,2531) (1692,2593) (1691,2656) (1690,2718)
Planet 20 Place (1536,2592)
Planet 21 (2336,2501)
Orbit 21 (2217,2530) (2217,2592) (2217,2655) (2218,2719) (2487,2530) (2487,2592) (2487,2656) (2487,2720)
Planet 21 Place (2332,2592)
Planet 22 (3530,2501)
Orbit 22 (3412,2529) (3414,2592) (3413,2655) (3413,2720) (3682,2531) (3680,2594) (3680,2658) (3680,2721)
Planet 22 Place (3526,2592)
Planet 23 (4326,2501)
Orbit 23 (4209,2530) (4208,2593) (4207,2657) (4208,2720) (4477,2532) (4476,2594) (4477,2657) (4475,2720)
Planet 23 Place (4322,2592)
Planet 24 (5122,2501)
Orbit 24 (5004,2530) (5004,2592) (5004,2654) (5004,2716) (5273,2532) (5274,2594) (5274,2656) (5273,2720)
Planet 24 Place (5118,2592)
Planet 25 (744,3191)
Orbit 25 (627,3219) (627,3282) (627,3345) (626,3409) (895,3222) (894,3286) (894,3350) (893,3413)
Planet 25 Place (740,3282)
Planet 26 (1540,3191)
Orbit 26 (1422,3218) (1421,3282) (1421,3347) (1421,3411) (1689,3220) (1688,3283) (1688,3346) (1687,3409)
Planet 26 Place (1536,3282)
Planet 27 (2336,3191)
Orbit 27 (2218,3220) (2217,3283) (2218,3346) (2218,3410) (2486,3218) (2484,3281) (2485,3345) (2486,3409)
Planet 27 Place (2332,3282)
Planet 28 (3530,3191)
Orbit 28 (3413,3219) (3412,3281) (3412,3343) (3413,3406) (3681,3221) (3681,3284) (3681,3347) (3680,3411)
Planet 28 Place (3526,3282)
Planet 29 (4326,3191)
Orbit 29 (4208,3220) (4208,3283) (4208,3346) (4209,3410) (4477,3219) (4477,3282) (4477,3344) (4476,3409)
Planet 29 Place (4322,3282)
Planet 30 (5122,3191)
Orbit 30 (5004,3220) (5004,3282) (5004,3345) (5005,3407) (5272,3222) (5272,3284) (5271,3346) (5272,3409)
Planet 30 Place (5118,3282)
Planet 31 (2933,3536)
Orbit 31 (2816,3565) (2816,3629) (2816,3693) (2815,3756) (3084,3565) (3083,3628) (3083,3693) (3083,3758)
Planet 31 Place (2929,3627)
Planet 32 (346,3881)
Orbit 32 (230,3908) (230,3971) (229,4034) (227,4098) (498,3912) (496,3975) (496,4038) (495,4102)
Planet 32 Place (342,3972)
Planet 33 (1142,3881)
Orbit 33 (1023,3909) (1022,3972) (1023,4037) (1026,4102) (1293,3909) (1294,3972) (1293,4036) (1292,4101)
Planet 33 Place (1138,3972)
Planet 34 (1938,3881)
Orbit 34 (1820,3908) (1821,3972) (1819,4037) (1819,4100) (2090,3911) (2089,3975) (2090,4040) (2088,4106)
Planet 34 Place (1934,3972)
Planet 35 (3928,3881)
Orbit 35 (3810,3908) (3809,3971) (3808,4035) (3809,4099) (4080,3909) (4078,3972) (4078,4036) (4079,4100)
Planet 35 Place (3924,3972)
Planet 36 (4724,3881)
Orbit 37 (4605,3909) (4606,3971) (4605,4035) (4606,4098) (4875,3910) (4877,3973) (4877,4037) (4874,4102)
Planet 36 Place (4720,3972)
Planet 37 (5520,3881)
Planet 37 Orbit (5402,3908) (5402,3971) (5402,4035) (5403,4100) (5670,3911) (5669,3975) (5670,4039) (5670,4104)
Planet 37 Place (5516,3972)
Planet 38 (2535,4226)
Orbit 38 (2417,4254) (2417,4317) (2418,4381) (2417,4445) (2686,4255) (2685,4317) (2685,4380) (2684,4443)
Planet 38 Place (2531,4317)
Planet 39 (3331,4226)
Orbit 39 (3214,4254) (3213,4317) (3214,4381) (3214,4446) (3481,4256) (3480,4320) (3481,4383) (3477,4447)
Planet 39 Place (3327,4317)
Planet 40 (744,4571)
Orbit 40 (627,4597) (625,4661) (625,4725) (626,4790) (893,4600) (893,4664) (893,4730) (892,4794)
Planet 40 Place (740,4662)
Planet 41 (1540,4571)
Orbit 41 (1423,4597) (1423,4661) (1422,4725) (1421,4792) (1690,4600) (1689,4664) (1690,4728) (1688,4792)
Planet 41 Place (1536,4662)
Planet 42 (4326,4571)
Orbit 42 (4207,4599) (4205,4662) (4205,4725) (4210,4789) (4477,4603) (4476,4666) (4476,4729) (4472,4794)
Planet 42 Place (4322,4662)
Planet 43 (5122,4571)
Orbit 43 (5003,4600) (5003,4665) (5003,4731) (5004,4794) (5272,4599) (5270,4663) (5271,4726) (5271,4792)
Planet 43 Place (5118,4662)
Planet 44 (2137,4916)
Orbit 44 (2020,4944) (2020,5008) (2019,5072) (2021,5136) (2289,4945) (2286,5010) (2285,5075) (2285,5140)
Planet 44 Place (2133,5007)
Planet 45 (2933,4916)
Orbit 45 (2815,4944) (2815,5007) (2815,5070) (2817,5133) (3083,4946) (3082,5009) (3082,5074) (3083,5138)
Planet 45 Place (2929,5007)
Planet 46 (3729,4916)
Orbit 46 (3613,4944) (3611,5008) (3610,5073) (3612,5138) (3880,4945) (3880,5009) (3879,5074) (3877,5138)
Planet 46 Place (3725,5007)
Planet 47 (2535,5606)
Orbit 47 (2417,5633) (2418,5698) (2416,5763) (2419,5828) (2685,5633) (2685,5698) (2684,5762) (2683,5828)
Planet 47 Place (2531,5697)
Planet 48 (3331,5606)
Orbit 48 (3213,5633) (3213,5696) (3213,5759) (3213,5823) (3482,5635) (3480,5698) (3480,5762) (3479,5827)
Planet 48 Place (3327,5697)
Planet Radan (2933,2846)
Orbit Radan (2813,2875) (2814,2938) (2814,3000) (2813,3063) (3084,2875) (3084,2938) (3084,3001) (3084,3064)
Planet Radan Place (2929,2937)
SZ 1 (2949,197) (2824,197) (3073,198) (2821,119) (2949,119) (3073,119) (2949,275) (2825,278) (3072,278) (2947,43) (2949,352)
SZ 10 (2551,897) (2424,897) (2673,896) (2550,983) (2424,983) (2676,814) (2547,815) (2422,813) (2548,733) (2672,983) (2550,1060)
SZ 100 (5138,4006) (5015,4005) (5261,4008) (5013,4092) (5269,3920) (5268,4090) (5016,3913) (5139,3917) (5139,3835) (5140,4084) (5139,4165)
SZ 101 (563,4342) (428,4342) (695,4343) (429,4431) (694,4259) (689,4435) (429,4256) (563,4256) (565,4176) (565,4430) (559,4508)
SZ 102 (958,4350) (825,4349) (1086,4347) (827,4436) (1093,4262) (1086,4436) (827,4261) (957,4261) (960,4181) (953,4431) (957,4512)
SZ 103 (1359,4344) (1231,4344) (1492,4344) (1232,4433) (1496,4262) (1490,4431) (1233,4255) (1362,4256) (1359,4176) (1360,4431) (1357,4511)
SZ 104 (1752,4351) (1621,4346) (1881,4350) (1625,4431) (1882,4258) (1876,4442) (1621,4259) (1752,4261) (1754,4179) (1747,4438) (1751,4514)
SZ 105 (2151,4343) (2023,4342) (2280,4343) (2021,4436) (2285,4262) (2277,4437) (2024,4255) (2155,4260) (2155,4181) (2148,4431) (2148,4513)
SZ 106 (2948,4350) (2819,4347) (3075,4351) (2817,4431) (3077,4261) (3073,4439) (2822,4255) (2946,4261) (2949,4178) (2946,4433) (2948,4514)
SZ 107 (3743,4338) (3608,4339) (3872,4338) (3870,4258) (3870,4438) (3615,4430) (3617,4256) (3740,4256) (3753,4179) (3739,4421) (3740,4505)
SZ 108 (4143,4350) (4012,4349) (4266,4349) (4015,4438) (4260,4442) (4272,4261) (4013,4260) (4146,4260) (4144,4176) (4142,4438) (4142,4514)
SZ 109 (4538,4350) (4408,4348) (4667,4348) (4667,4259) (4409,4431) (4412,4258) (4671,4431) (4533,4264) (4540,4180) (4532,4429) (4536,4507)
SZ 11 (3345,901) (3220,900) (3471,901) (3343,983) (3344,819) (3220,983) (3471,982) (3470,814) (3221,814) (3345,733) (3344,1058)
SZ 110 (4938,4350) (4815,4349) (5068,4347) (4812,4431) (5069,4261) (5073,4435) (4814,4255) (4939,4258) (4939,4179) (4941,4432) (4938,4512)
SZ 111 (5333,4344) (5207,4344) (5460,4345) (5210,4434) (5463,4263) (5209,4259) (5458,4440) (5331,4255) (5334,4178) (5329,4425) (5334,4506)
SZ 112 (1156,4699) (1032,4697) (1283,4696) (1030,4779) (1284,4612) (1278,4782) (1030,4600) (1157,4610) (1158,4526) (1158,4780) (1157,4859)
SZ 113 (1954,4701) (1823,4697) (2083,4697) (1827,4780) (2085,4613) (2085,4782) (1824,4608) (1955,4616) (1956,4528) (1956,4781) (1953,4857)
SZ 114 (2353,4693) (2226,4691) (2477,4692) (2478,4608) (2479,4778) (2228,4779) (2221,4603) (2351,4608) (2351,4524) (2350,4774) (2351,4854)
SZ 115 (2748,4689) (2618,4687) (2873,4685) (2622,4774) (2876,4608) (2625,4602) (2870,4777) (2747,4611) (2747,4530) (2747,4773) (2747,4856)
SZ 116 (3148,4687) (3017,4689) (3273,4690) (3148,4602) (3013,4602) (3272,4606) (3275,4778) (3016,4774) (3147,4526) (3147,4765) (3146,4847)
SZ 117 (3541,4697) (3417,4694) (3668,4696) (3668,4609) (3418,4603) (3414,4782) (3676,4783) (3545,4609) (3547,4525) (3542,4778) (3541,4854)
SZ 118 (3946,4699) (3824,4698) (4076,4699) (3819,4784) (4078,4613) (3826,4605) (4069,4780) (3946,4617) (3943,4532) (3940,4776) (3947,4855)
SZ 119 (4734,4698) (4610,4697) (4865,4695) (4618,4783) (4869,4611) (4856,4791) (4617,4608) (4738,4610) (4740,4531) (4740,4776) (4738,4853)
SZ 12 (4139,893) (4012,891) (4259,893) (4139,812) (4137,976) (4012,980) (4261,981) (4260,807) (4013,806) (4142,732) (4135,1058)
SZ 120 (1350,5039) (1232,5036) (1472,5037) (1474,4955) (1230,4950) (1227,5121) (1470,5123) (1349,4958) (1350,4875) (1339,5123) (1356,5201)
SZ 121 (1753,5045) (1626,5045) (1880,5039) (1875,4952) (1637,4951) (1754,4951) (1756,4868) (1629,5126) (1879,5126) (1751,5127) (1754,5203)
SZ 122 (2548,5045) (2429,5041) (2678,5041) (2687,4953) (2425,4950) (2683,5126) (2425,5127) (2551,4957) (2552,4876) (2552,5122) (2548,5204)
SZ 123 (3349,5042) (3225,5038) (3471,5038) (3472,4952) (3216,4949) (3220,5124) (3478,5127) (3345,4952) (3344,4872) (3351,5127) (3349,5207)
SZ 124 (4138,5046) (4017,5043) (4266,5044) (4278,4953) (4014,4948) (4012,5126) (4274,5127) (4142,4957) (4141,4869) (4141,5131) (4142,5210)
SZ 125 (4543,5046) (4410,5041) (4671,5042) (4673,4953) (4411,4942) (4407,5126) (4666,5130) (4536,4952) (4537,4870) (4535,5124) (4539,5200)
SZ 126 (1952,5389) (1827,5387) (2081,5387) (1828,5467) (2083,5298) (1822,5295) (2082,5472) (1947,5300) (1952,5218) (1949,5471) (1950,5548)
SZ 127 (2355,5395) (2228,5389) (2485,5384) (2486,5297) (2223,5296) (2221,5473) (2482,5474) (2359,5304) (2352,5219) (2351,5478) (2352,5556)
SZ 128 (2749,5386) (2625,5383) (2874,5384) (2624,5466) (2878,5301) (2873,5471) (2625,5295) (2745,5298) (2746,5220) (2747,5467) (2747,5543)
SZ 129 (3151,5392) (3026,5388) (3275,5388) (3280,5297) (3029,5290) (3029,5475) (3278,5470) (3150,5298) (3151,5215) (3148,5479) (3148,5554)
SZ 13 (4541,903) (4413,900) (4668,902) (4539,981) (4414,981) (4670,818) (4539,818) (4410,811) (4665,984) (4540,1059) (4541,732)
SZ 130 (3549,5389) (3420,5385) (3675,5382) (3676,5295) (3418,5292) (3670,5472) (3419,5473) (3547,5301) (3544,5220) (3543,5473) (3546,5552)
SZ 131 (3946,5385) (3821,5383) (4074,5381) (4073,5294) (3822,5289) (3822,5472) (4073,5471) (3944,5293) (3944,5212) (3943,5468) (3947,5547)
SZ 132 (2950,5724) (2816,5724) (3077,5722) (2816,5640) (3077,5641) (2946,5638) (2951,5558) (2817,5809) (3083,5807) (2945,5804) (2951,5890)
SZ 14 (1158,1245) (1026,1246) (1286,1245) (1157,1325) (1023,1156) (1158,1158) (1287,1158) (1027,1329) (1284,1332) (1156,1403) (1158,1077)
SZ 15 (1950,1241) (1826,1240) (2073,1243) (1823,1153) (1949,1324) (1950,1157) (2077,1156) (2070,1328) (1828,1328) (1949,1402) (1955,1075)
SZ 16 (2351,1250) (2225,1250) (2475,1251) (2351,1159) (2353,1338) (2223,1335) (2223,1156) (2476,1161) (2472,1339) (2350,1076) (2353,1408)
SZ 17 (2744,1234) (2623,1233) (2864,1234) (2747,1156) (2743,1320) (2622,1319) (2870,1318) (2870,1154) (2621,1151) (2750,1076) (2743,1399)
SZ 18 (3147,1235) (3020,1235) (3269,1235) (3143,1318) (3151,1153) (3024,1154) (3271,1156) (3271,1321) (3021,1322) (3143,1400) (3151,1074)
SZ 19 (3545,1250) (3419,1248) (3668,1251) (3546,1168) (3543,1331) (3419,1332) (3670,1168) (3421,1163) (3668,1339) (3547,1078) (3543,1404)
SZ 2 (1955,563) (1825,561) (2078,564) (1953,480) (1954,647) (1825,643) (2075,646) (2076,477) (1827,476) (1956,392) (1952,718)
SZ 20 (3947,1250) (3822,1250) (4071,1249) (3944,1329) (3945,1168) (3816,1165) (4072,1165) (4072,1332) (3821,1332) (3943,1406) (3946,1083)
SZ 21 (4738,1247) (4614,1246) (4861,1247) (4740,1162) (4614,1160) (4860,1162) (4614,1327) (4738,1328) (4862,1330) (4737,1405) (4740,1077)
SZ 22 (555,1586) (435,1586) (676,1586) (554,1671) (554,1502) (433,1499) (680,1502) (679,1674) (435,1673) (561,1420) (558,1747)
SZ 23 (958,1589) (832,1587) (1082,1588) (960,1506) (956,1674) (831,1674) (1080,1675) (1082,1500) (833,1497) (961,1425) (958,1749)
SZ 24 (1353,1591) (1230,1590) (1476,1591) (1358,1505) (1349,1675) (1230,1675) (1479,1676) (1476,1502) (1230,1500) (1357,1423) (1358,1749)
SZ 25 (1754,1585) (1629,1584) (1876,1583) (1757,1503) (1630,1498) (1884,1503) (1879,1675) (1755,1673) (1630,1671) (1752,1751) (1758,1423)
SZ 26 (2143,1590) (2025,1590) (2265,1591) (2022,1498) (2144,1502) (2270,1500) (2273,1678) (2024,1675) (2148,1676) (2151,1420) (2158,1751)
SZ 27 (2950,1585) (2824,1585) (3076,1586) (2949,1501) (2821,1671) (3079,1505) (2818,1497) (3075,1680) (2951,1674) (2950,1422) (2950,1751)
SZ 28 (3744,1580) (3616,1579) (3872,1581) (3746,1499) (3617,1499) (3873,1675) (3870,1501) (3611,1670) (3741,1670) (3745,1422) (3739,1744)
SZ 29 (4144,1585) (4014,1584) (4265,1584) (4013,1675) (4266,1677) (4267,1496) (4012,1496) (4139,1499) (4142,1421) (4141,1678) (4141,1750)
SZ 3 (2354,555) (2220,555) (2483,554) (2354,632) (2215,477) (2355,477) (2483,479) (2221,633) (2483,632) (2351,714) (2353,391)
SZ 30 (4544,1584) (4420,1584) (4668,1584) (4422,1668) (4673,1500) (4671,1670) (4420,1494) (4545,1499) (4546,1668) (4540,1421) (4545,1746)
SZ 31 (4935,1593) (4810,1592) (5059,1593) (4934,1505) (4810,1672) (5055,1683) (5062,1502) (4804,1500) (4934,1677) (4937,1422) (4942,1752)
SZ 32 (5337,1577) (5211,1577) (5458,1575) (5212,1492) (5336,1491) (5456,1492) (5461,1669) (5336,1669) (5207,1671) (5336,1417) (5338,1747)
SZ 33 (759,1935) (629,1933) (885,1933) (885,1845) (625,2017) (631,1843) (885,2025) (756,1845) (751,2020) (759,1765) (757,2096)
SZ 34 (1552,1924) (1432,1923) (1673,1927) (1549,1840) (1433,2014) (1669,2013) (1670,1843) (1430,1840) (1550,2018) (1551,1767) (1551,2091)
SZ 35 (2350,1933) (2220,1930) (2474,1932) (2219,1845) (2474,2025) (2481,1847) (2222,2017) (2345,1847) (2347,2026) (2349,1764) (2352,2101)
SZ 36 (2749,1934) (2618,1936) (2875,1932) (2745,1845) (2624,2021) (2875,1847) (2617,1846) (2876,2024) (2753,2021) (2747,1768) (2755,2096)
SZ 37 (3150,1934) (3023,1933) (3277,1935) (3147,1845) (3022,2018) (3277,2020) (3277,1849) (3023,1842) (3146,2022) (3150,1766) (3150,2096)
SZ 38 (3547,1934) (3419,1932) (3674,1933) (3419,2019) (3677,1848) (3672,2022) (3418,1842) (3544,1844) (3543,2024) (3546,1766) (3548,2096)
SZ 39 (4337,1926) (4217,1926) (4463,1929) (4212,1841) (4466,2021) (4469,1843) (4215,2019) (4337,1843) (4340,2015) (4341,1765) (4344,2096)
SZ 4 (2750,550) (2621,548) (2876,552) (2747,628) (2751,469) (2621,466) (2876,467) (2621,631) (2874,635) (2743,711) (2752,385)
SZ 40 (5136,1937) (5010,1932) (5262,1936) (5008,2020) (5265,1846) (5011,1841) (5264,2025) (5133,1846) (5134,2022) (5136,1769) (5135,2098)
SZ 41 (560,2278) (431,2281) (687,2278) (434,2364) (692,2197) (429,2191) (689,2368) (560,2188) (562,2364) (560,2109) (560,2442)
SZ 42 (956,2277) (828,2277) (1085,2277) (827,2365) (1092,2195) (825,2191) (953,2192) (1085,2367) (961,2360) (956,2111) (956,2437)
SZ 43 (1357,2270) (1229,2272) (1479,2273) (1228,2363) (1481,2194) (1479,2368) (1229,2186) (1352,2186) (1353,2357) (1355,2111) (1354,2437)
SZ 44 (1750,2279) (1630,2279) (1876,2281) (1749,2200) (1883,2361) (1625,2197) (1876,2201) (1631,2360) (1748,2360) (1750,2118) (1749,2434)
SZ 45 (2148,2279) (2025,2279) (2276,2280) (2148,2202) (2025,2198) (2274,2200) (2026,2364) (2279,2362) (2144,2363) (2150,2113) (2151,2440)
SZ 46 (2548,2115) (2443,2174) (2405,2246) (2405,2315) (2438,2383) (2657,2173) (2694,2243) (2692,2311) (2661,2383) (2548,2444)
SZ 47 (3346,2112) (3242,2173) (3202,2246) (3202,2313) (3240,2388) (3451,2172) (3491,2245) (3491,2315) (3441,2393) (3344,2452)
SZ 48 (3743,2278) (3621,2276) (3869,2276) (3740,2198) (3617,2198) (3621,2357) (3871,2358) (3864,2194) (3742,2360) (3736,2116) (3740,2438)
SZ 49 (4148,2281) (4021,2278) (4269,2279) (4145,2203) (4021,2198) (4023,2358) (4269,2201) (4271,2360) (4143,2360) (4147,2112) (4143,2436)
SZ 5 (3145,558) (3021,557) (3265,557) (3145,637) (3144,478) (3021,478) (3265,479) (3020,638) (3265,638) (3147,715) (3146,389)
SZ 50 (4540,2269) (4409,2269) (4665,2269) (4409,2347) (4664,2190) (4406,2192) (4534,2190) (4667,2352) (4539,2354) (4543,2111) (4542,2434)
SZ 51 (4939,2277) (4818,2277) (5061,2278) (4939,2199) (4818,2197) (5061,2198) (4816,2360) (5061,2359) (4934,2361) (4941,2116) (4932,2437)
SZ 52 (5338,2281) (5215,2281) (5459,2280) (5215,2198) (5335,2197) (5455,2199) (5217,2362) (5462,2363) (5338,2363) (5339,2110) (5339,2442)
SZ 53 (359,2624) (240,2625) (484,2624) (359,2544) (239,2707) (487,2541) (232,2542) (488,2710) (364,2707) (361,2456) (360,2784)
SZ 54 (1160,2629) (1032,2623) (1281,2621) (1032,2710) (1285,2538) (1281,2712) (1038,2532) (1156,2534) (1156,2708) (1159,2456) (1162,2785)
SZ 55 (1949,2630) (1822,2627) (2072,2628) (2074,2545) (1820,2713) (1820,2542) (1949,2546) (2075,2714) (1941,2714) (1952,2460) (1955,2786)
SZ 56 (2749,2628) (2624,2625) (2873,2627) (2752,2549) (2625,2545) (2871,2544) (2872,2709) (2622,2705) (2746,2710) (2751,2464) (2748,2784)
SZ 57 (3151,2625) (3024,2624) (3276,2625) (3278,2539) (3023,2709) (3022,2538) (3147,2540) (3276,2711) (3147,2709) (3148,2454) (3142,2785)
SZ 58 (3940,2627) (3817,2625) (4064,2626) (3941,2546) (4060,2546) (3822,2544) (3818,2706) (4072,2704) (3946,2705) (3940,2460) (3940,2783)
SZ 59 (4737,2629) (4613,2625) (4862,2625) (4737,2546) (4613,2546) (4862,2547) (4862,2709) (4613,2709) (4740,2710) (4738,2457) (4737,2782)
SZ 6 (3544,553) (3415,550) (3667,553) (3413,471) (3544,473) (3541,634) (3666,635) (3415,635) (3668,471) (3546,388) (3541,713)
SZ 60 (5535,2631) (5420,2625) (5655,2626) (5417,2707) (5663,2706) (5665,2543) (5536,2541) (5421,2541) (5531,2458) (5535,2709) (5535,2785)
SZ 61 (559,2974) (433,2971) (677,2973) (563,2895) (431,3053) (681,3053) (683,2889) (440,2888) (559,3057) (567,2806) (560,3128)
SZ 62 (958,2972) (836,2969) (1083,2969) (960,2886) (840,2880) (1083,2880) (833,3054) (1089,3056) (955,2805) (961,3053) (961,3132)
SZ 63 (1357,2966) (1234,2968) (1482,2964) (1355,2886) (1227,2883) (1482,2886) (1482,3060) (1234,3058) (1353,3048) (1357,2800) (1355,3128)
SZ 64 (1752,2974) (1630,2971) (1871,2972) (1629,3051) (1630,2885) (1872,2890) (1879,3051) (1750,2895) (1750,3057) (1757,2811) (1750,3131)
SZ 65 (2154,2802) (2047,2863) (2262,2863) (2007,2931) (2007,2998) (2035,3071) (2298,2935) (2298,3004) (2250,3079) (2147,3136)
SZ 66 (2549,2970) (2429,2968) (2680,2968) (2550,2895) (2427,3050) (2684,3052) (2680,2888) (2422,2888) (2547,3049) (2551,2805) (2556,3124)
SZ 67 (3344,2974) (3222,2971) (3471,2970) (3223,3049) (3473,2888) (3226,2886) (3352,2889) (3467,3055) (3346,3052) (3348,2802) (3342,3127)
SZ 68 (3747,2802) (3643,2860) (3850,2860) (3600,2931) (3600,3000) (3891,2931) (3891,3001) (3637,3075) (3858,3074) (3747,3138)
SZ 69 (4138,2971) (4015,2965) (4258,2964) (4137,2890) (4020,2886) (4253,2882) (4014,3045) (4134,3046) (4257,3043) (4144,2804) (4144,3127)
SZ 7 (3948,561) (3818,561) (4069,561) (3947,642) (3947,477) (3817,476) (4066,475) (3817,642) (4068,647) (3946,388) (3944,715)
SZ 70 (4538,2961) (4417,2961) (4663,2963) (4664,2883) (4418,3044) (4417,2880) (4666,3053) (4538,2878) (4537,3040) (4544,2802) (4538,3117)
SZ 71 (4938,2973) (4815,2973) (5061,2973) (4813,2891) (5064,3054) (5063,2890) (4814,3055) (4936,2889) (4936,3055) (4937,3132) (4933,2808)
SZ 72 (5338,2975) (5209,2974) (5463,2974) (5207,2891) (5209,3053) (5468,3051) (5468,2895) (5333,2895) (5336,3054) (5335,2805) (5335,3128)
SZ 73 (361,3312) (239,3309) (483,3312) (238,3225) (239,3393) (482,3232) (482,3396) (356,3232) (357,3394) (361,3152) (363,3473)
SZ 74 (1155,3318) (1033,3314) (1280,3320) (1032,3230) (1033,3395) (1281,3239) (1278,3399) (1157,3232) (1161,3151) (1152,3402) (1155,3475)
SZ 75 (1952,3317) (1827,3315) (2079,3319) (1825,3229) (1827,3395) (2079,3397) (2080,3236) (1950,3236) (1954,3149) (1951,3399) (1953,3477)
SZ 76 (2748,3317) (2630,3314) (2869,3320) (2630,3228) (2878,3233) (2628,3398) (2874,3404) (2746,3231) (2748,3148) (2744,3398) (2747,3473)
SZ 77 (3148,3314) (3025,3311) (3275,3311) (3022,3221) (3023,3397) (3277,3225) (3271,3402) (3144,3222) (3150,3145) (3149,3399) (3153,3475)
SZ 78 (3937,3312) (3819,3309) (4065,3310) (3818,3223) (3817,3394) (4075,3230) (4070,3401) (3941,3229) (3942,3149) (3943,3389) (3944,3473)
SZ 79 (4734,3316) (4605,3313) (4866,3314) (4864,3226) (4606,3228) (4612,3400) (4865,3401) (4735,3228) (4737,3146) (4742,3398) (4744,3475)
SZ 8 (1352,895) (1231,894) (1473,897) (1348,976) (1356,811) (1231,810) (1474,813) (1229,979) (1471,981) (1349,1058) (1355,731)
SZ 80 (5535,3310) (5409,3310) (5661,3312) (5409,3393) (5668,3230) (5666,3402) (5408,3227) (5543,3226) (5532,3395) (5540,3146) (5542,3472)
SZ 81 (560,3658) (439,3657) (686,3657) (432,3572) (439,3741) (689,3740) (689,3573) (556,3574) (555,3738) (558,3493) (562,3817)
SZ 82 (956,3655) (832,3653) (1084,3654) (1084,3572) (835,3569) (835,3739) (1087,3738) (956,3574) (959,3738) (959,3490) (954,3820)
SZ 83 (1358,3653) (1230,3653) (1486,3655) (1223,3570) (1490,3570) (1231,3737) (1486,3741) (1354,3567) (1356,3492) (1358,3737) (1358,3821)
SZ 84 (1753,3658) (1629,3656) (1881,3658) (1629,3739) (1884,3576) (1883,3742) (1626,3568) (1750,3571) (1756,3739) (1756,3493) (1757,3816)
SZ 85 (2151,3658) (2029,3658) (2277,3658) (2028,3572) (2025,3742) (2279,3746) (2278,3575) (2153,3573) (2153,3491) (2150,3739) (2153,3816)
SZ 86 (2550,3493) (2444,3553) (2655,3552) (2406,3623) (2405,3701) (2695,3626) (2696,3703) (2442,3766) (2659,3767) (2550,3824)
SZ 87 (3347,3492) (3241,3551) (3453,3551) (3203,3625) (3203,3693) (3494,3623) (3493,3692) (3239,3764) (3458,3764) (3346,3828)
SZ 88 (3740,3660) (3616,3657) (3868,3658) (3617,3568) (3870,3569) (3741,3571) (3615,3739) (3874,3743) (3739,3739) (3742,3493) (3742,3818)
SZ 89 (4143,3654) (4017,3653) (4267,3652) (4019,3566) (4271,3569) (4271,3738) (4016,3738) (4143,3571) (4143,3737) (4145,3490) (4145,3821)
SZ 9 (1753,898) (1622,897) (1881,899) (1752,982) (1623,984) (1882,984) (1882,816) (1753,810) (1619,810) (1754,731) (1753,1060)
SZ 90 (4540,3649) (4412,3648) (4668,3649) (4409,3737) (4674,3572) (4669,3740) (4412,3564) (4538,3563) (4540,3737) (4539,3488) (4537,3815)
SZ 91 (4934,3659) (4811,3655) (5064,3658) (4807,3569) (5068,3744) (4808,3737) (5070,3572) (4936,3574) (4940,3493) (4940,3741) (4940,3819)
SZ 92 (5338,3656) (5208,3653) (5465,3653) (5204,3569) (5469,3741) (5207,3742) (5471,3572) (5331,3570) (5337,3489) (5332,3738) (5336,3817)
SZ 93 (756,4004) (632,4002) (882,4002) (883,3920) (631,3915) (630,4088) (882,4090) (755,3916) (762,3835) (756,4085) (754,4163)
SZ 94 (1553,3994) (1428,3995) (1683,3993) (1425,4087) (1684,3911) (1685,4089) (1431,3906) (1564,3905) (1555,3828) (1556,4076) (1556,4159)
SZ 95 (2348,4007) (2217,4005) (2469,4009) (2218,4088) (2476,3922) (2215,3915) (2469,4095) (2341,3915) (2348,3837) (2345,4086) (2346,4164)
SZ 96 (2753,4001) (2624,4001) (2876,4001) (2625,4089) (2876,4091) (2881,3916) (2624,3912) (2752,3914) (2750,3835) (2752,4089) (2754,4165)
SZ 97 (3147,4001) (3016,4001) (3273,4000) (3017,4089) (3274,4087) (3276,3915) (3015,3915) (3140,3914) (3145,3832) (3147,4081) (3147,4163)
SZ 98 (3544,4006) (3413,4005) (3674,4004) (3411,4091) (3678,3917) (3674,4091) (3409,3916) (3543,3917) (3546,3837) (3543,4086) (3544,4164)
SZ 99 (4337,4000) (4471,4001) (4207,4001) (4209,3912) (4208,4086) (4472,4089) (4471,3915) (4337,3916) (4337,3834) (4339,4087) (4340,4166)